et_morton_wet_SILO:
  mean: 3.6246827078339674
  std: 1.9816823929760254
precipitation_AWAP:
  mean: 2.989479204593471
  std: 8.211756522292863
qtot:
  mean: 0.8417480767681358
  std: 3.1080503771464474
streamflow_mmd:
  mean: 0.9019493272305028
  std: 3.929420684120822
